1764007921854 0.13415615776764153 500
1764007935134 0.26831231553528306 1000
1764007938840 0.26831231553528306 1000
1764007953067 0.4024684733029246 1500
1764007966228 0.5366246310705661 2000
1764007970042 0.5366246310705661 2000
1764007984433 0.6707807888382077 2500
1764007997916 0.8049369466058492 3000
1764008001698 0.8049369466058492 3000
1764008016109 0.9390931043734907 3500
1764008029459 1.0732492621411323 4000
1764008033243 1.0732492621411323 4000
1764008047938 1.2074054199087738 4500
1764008061160 1.3415615776764154 5000
1764008064894 1.3415615776764154 5000
1764008079189 1.475717735444057 5500
1764008092694 1.6098738932116983 6000
1764008096845 1.6098738932116983 6000
1764008111774 1.7440300509793398 6500
1764008125348 1.8781862087469814 7000
1764008129591 1.8781862087469814 7000
1764008144231 2.012342366514623 7500
1764008157739 2.1464985242822645 8000
1764008161876 2.1464985242822645 8000
1764008176695 2.280654682049906 8500
1764008190248 2.4148108398175476 9000
1764008194337 2.4148108398175476 9000
1764008208873 2.548966997585189 9500
1764008222329 2.6831231553528307 10000
1764008226278 2.6831231553528307 10000
1764008240851 2.8172793131204723 10500
1764008254291 2.951435470888114 11000
1764008258317 2.951435470888114 11000
1764008272807 3.0855916286557554 11500
1764008286235 3.219747786423397 12000
1764008290297 3.219747786423397 12000
1764008304824 3.3539039441910385 12500
1764008318227 3.4880601019586797 13000
1764008322371 3.4880601019586797 13000
1764008336813 3.622216259726321 13500
1764008351055 3.756372417493963 14000
1764008355179 3.756372417493963 14000
1764008370280 3.8905285752616043 14500
1764008384019 4.024684733029246 15000
1764008388075 4.024684733029246 15000
1764008402546 4.1588408907968875 15500
1764008416021 4.292997048564529 16000
1764008420055 4.292997048564529 16000
1764008434513 4.427153206332171 16500
1764008447976 4.561309364099812 17000
1764008452117 4.561309364099812 17000
1764008466652 4.695465521867454 17500
1764008480097 4.829621679635095 18000
1764008484316 4.829621679635095 18000
1764008498667 4.963777837402737 18500
1764008512208 5.097933995170378 19000
1764008516030 5.097933995170378 19000
1764008530272 5.23209015293802 19500
1764008543505 5.3662463107056615 20000
1764008547537 5.3662463107056615 20000
1764008562058 5.500402468473303 20500
1764008575386 5.634558626240945 21000
1764008579272 5.634558626240945 21000
1764008593628 5.768714784008586 21500
1764008606952 5.902870941776228 22000
1764008610782 5.902870941776228 22000
1764008625060 6.037027099543869 22500
1764008638632 6.171183257311511 23000
1764008642640 6.171183257311511 23000
1764008657125 6.305339415079152 23500
1764008670703 6.439495572846794 24000
1764008674436 6.439495572846794 24000
1764008688693 6.5736517306144355 24500
1764008701977 6.707807888382077 25000
1764008705682 6.707807888382077 25000
1764008719873 6.841964046149719 25500
1764008733232 6.976120203917359 26000
1764008736944 6.976120203917359 26000
1764008751515 7.110276361685002 26500
1764008764889 7.244432519452642 27000
1764008768735 7.244432519452642 27000
1764008783074 7.378588677220284 27500
1764008796414 7.512744834987926 28000
1764008800214 7.512744834987926 28000
1764008814844 7.646900992755567 28500
1764008828520 7.781057150523209 29000
1764008832359 7.781057150523209 29000
1764008846567 7.91521330829085 29500
1764008860193 8.049369466058492 30000
1764008863976 8.049369466058492 30000
1764008878128 8.183525623826133 30500
1764008891524 8.317681781593775 31000
1764008895217 8.317681781593775 31000
1764008909313 8.451837939361416 31500
1764008922688 8.585994097129058 32000
1764008926607 8.585994097129058 32000
1764008940845 8.7201502548967 32500
1764008954314 8.854306412664341 33000
1764008958199 8.854306412664341 33000
1764008972304 8.988462570431983 33500
1764008985777 9.122618728199624 34000
1764008989631 9.122618728199624 34000
1764009003786 9.256774885967266 34500
1764009017193 9.390931043734907 35000
1764009020870 9.390931043734907 35000
1764009035011 9.525087201502549 35500
1764009048389 9.65924335927019 36000
1764009052157 9.65924335927019 36000
1764009066343 9.793399517037832 36500
1764009079770 9.927555674805474 37000
1764009083515 9.927555674805474 37000
1764009092315 10.0 37270
