1764007921854 2.772634744644165 500
1764007935134 19.60127067565918 1000
1764007953067 5.389377117156982 1500
1764007966228 3.087245225906372 2000
1764007984433 3.4855990409851074 2500
1764007997916 0.2775851786136627 3000
1764008016109 0.20178841054439545 3500
1764008029459 0.5577335357666016 4000
1764008047938 0.16109952330589294 4500
1764008061160 0.22447416186332703 5000
1764008079189 0.1947975605726242 5500
1764008092694 0.30847159028053284 6000
1764008111774 0.3402714133262634 6500
1764008125348 0.3830755650997162 7000
1764008144231 0.7704544067382812 7500
1764008157739 0.6094647645950317 8000
1764008176695 0.3227533996105194 8500
1764008190248 0.4975438117980957 9000
1764008208873 1.0020257234573364 9500
1764008222329 0.3529789447784424 10000
1764008240851 0.2575898766517639 10500
1764008254291 0.27984052896499634 11000
1764008272807 1.1564825773239136 11500
1764008286235 2.595189332962036 12000
1764008304824 0.5549256801605225 12500
1764008318227 0.22412164509296417 13000
1764008336813 17.486106872558594 13500
1764008351055 3.413038969039917 14000
1764008370280 0.15067298710346222 14500
1764008384019 0.2805792987346649 15000
1764008402546 136.55690002441406 15500
1764008416021 0.2015836387872696 16000
1764008434513 3.967900514602661 16500
1764008447976 0.29777878522872925 17000
1764008466652 3.6664302349090576 17500
1764008480097 0.22890177369117737 18000
1764008498667 168.76699829101562 18500
1764008512208 0.20110727846622467 19000
1764008530272 32.399253845214844 19500
1764008543505 4.638845443725586 20000
1764008562058 0.2250346541404724 20500
1764008575386 0.22264370322227478 21000
1764008593628 0.22763748466968536 21500
1764008606952 0.1471211016178131 22000
1764008625060 0.856510579586029 22500
1764008638632 0.09893205016851425 23000
1764008657125 0.1863238662481308 23500
1764008670703 0.14831463992595673 24000
1764008688693 0.3460513651371002 24500
1764008701977 0.12377936393022537 25000
1764008719873 0.1420167237520218 25500
1764008733232 0.8882361650466919 26000
1764008751515 0.07523570954799652 26500
1764008764889 0.21508407592773438 27000
1764008783074 0.11216047406196594 27500
1764008796414 0.14689280092716217 28000
1764008814844 0.09755390137434006 28500
1764008828520 0.12718451023101807 29000
1764008846567 0.12658162415027618 29500
1764008860193 0.1292991042137146 30000
1764008878128 0.10644081234931946 30500
1764008891524 0.2099991887807846 31000
1764008909313 0.09238174557685852 31500
1764008922688 1.2101858854293823 32000
1764008940845 0.10478677600622177 32500
1764008954314 4.76334285736084 33000
1764008972304 0.13693192601203918 33500
1764008985777 4.5247392654418945 34000
1764009003786 0.10669832676649094 34500
1764009017193 0.10979048162698746 35000
1764009035011 0.0995452031493187 35500
1764009048389 0.102409727871418 36000
1764009066343 0.07700462639331818 36500
1764009079770 0.08605677634477615 37000
