1764007921854 9.866112154547895e-05 500
1764007935134 9.731955996780254e-05 1000
1764007953067 9.597799839012611e-05 1500
1764007966228 9.463643681244969e-05 2000
1764007984433 9.329487523477328e-05 2500
1764007997916 9.195331365709686e-05 3000
1764008016109 9.061175207942046e-05 3500
1764008029459 8.927019050174404e-05 4000
1764008047938 8.792862892406763e-05 4500
1764008061160 8.65870673463912e-05 5000
1764008079189 8.524550576871478e-05 5500
1764008092694 8.390394419103837e-05 6000
1764008111774 8.256238261336196e-05 6500
1764008125348 8.122082103568555e-05 7000
1764008144231 7.987925945800913e-05 7500
1764008157739 7.85376978803327e-05 8000
1764008176695 7.719613630265629e-05 8500
1764008190248 7.585457472497988e-05 9000
1764008208873 7.451301314730347e-05 9500
1764008222329 7.317145156962705e-05 10000
1764008240851 7.182988999195064e-05 10500
1764008254291 7.048832841427422e-05 11000
1764008272807 6.914676683659779e-05 11500
1764008286235 6.780520525892138e-05 12000
1764008304824 6.646364368124497e-05 12500
1764008318227 6.512208210356856e-05 13000
1764008336813 6.378052052589214e-05 13500
1764008351055 6.243895894821573e-05 14000
1764008370280 6.109739737053931e-05 14500
1764008384019 5.975583579286289e-05 15000
1764008402546 5.841427421518648e-05 15500
1764008416021 5.7072712637510064e-05 16000
1764008434513 5.5731151059833654e-05 16500
1764008447976 5.438958948215723e-05 17000
1764008466652 5.304802790448082e-05 17500
1764008480097 5.1706466326804404e-05 18000
1764008498667 5.036490474912798e-05 18500
1764008512208 4.902334317145158e-05 19000
1764008530272 4.7681781593775154e-05 19500
1764008543505 4.634022001609874e-05 20000
1764008562058 4.499865843842233e-05 20500
1764008575386 4.365709686074591e-05 21000
1764008593628 4.2315535283069494e-05 21500
1764008606952 4.0973973705393084e-05 22000
1764008625060 3.963241212771666e-05 22500
1764008638632 3.8290850550040244e-05 23000
1764008657125 3.6949288972363834e-05 23500
1764008670703 3.560772739468742e-05 24000
1764008688693 3.4266165817011e-05 24500
1764008701977 3.292460423933459e-05 25000
1764008719873 3.1583042661658175e-05 25500
1764008733232 3.0241481083981755e-05 26000
1764008751515 2.889991950630534e-05 26500
1764008764889 2.7558357928628925e-05 27000
1764008783074 2.621679635095251e-05 27500
1764008796414 2.4875234773276095e-05 28000
1764008814844 2.3533673195599678e-05 28500
1764008828520 2.2192111617923265e-05 29000
1764008846567 2.0850550040246848e-05 29500
1764008860193 1.950898846257043e-05 30000
1764008878128 1.8167426884894018e-05 30500
1764008891524 1.68258653072176e-05 31000
1764008909313 1.5484303729541185e-05 31500
1764008922688 1.4142742151864772e-05 32000
1764008940845 1.2801180574188357e-05 32500
1764008954314 1.145961899651194e-05 33000
1764008972304 1.0118057418835525e-05 33500
1764008985777 8.77649584115911e-06 34000
1764009003786 7.4349342634826945e-06 34500
1764009017193 6.093372685806279e-06 35000
1764009035011 4.751811108129863e-06 35500
1764009048389 3.410249530453448e-06 36000
1764009066343 2.0686879527770326e-06 36500
1764009079770 7.271263751006172e-07 37000
