1764007921854 0.3019 500
1764007935134 0.24 1000
1764007953067 0.2457 1500
1764007966228 0.2463 2000
1764007984433 0.2428 2500
1764007997916 0.2431 3000
1764008016109 0.2322 3500
1764008029459 0.2228 4000
1764008047938 0.2126 4500
1764008061160 0.224 5000
1764008079189 0.2216 5500
1764008092694 0.2279 6000
1764008111774 0.254 6500
1764008125348 0.2681 7000
1764008144231 0.2431 7500
1764008157739 0.2555 8000
1764008176695 0.2326 8500
1764008190248 0.3214 9000
1764008208873 0.2571 9500
1764008222329 0.2926 10000
1764008240851 0.2303 10500
1764008254291 0.2441 11000
1764008272807 0.1838 11500
1764008286235 0.3144 12000
1764008304824 0.2789 12500
1764008318227 0.2273 13000
1764008336813 0.1972 13500
1764008351055 0.2372 14000
1764008370280 0.2019 14500
1764008384019 0.2043 15000
1764008402546 0.1962 15500
1764008416021 0.1711 16000
1764008434513 0.2027 16500
1764008447976 0.1956 17000
1764008466652 0.1963 17500
1764008480097 0.2087 18000
1764008498667 0.1978 18500
1764008512208 0.1859 19000
1764008530272 0.2098 19500
1764008543505 0.1774 20000
1764008562058 0.1719 20500
1764008575386 0.2043 21000
1764008593628 0.1873 21500
1764008606952 0.1699 22000
1764008625060 0.1646 22500
1764008638632 0.1603 23000
1764008657125 0.1697 23500
1764008670703 0.1576 24000
1764008688693 0.1579 24500
1764008701977 0.1464 25000
1764008719873 0.1509 25500
1764008733232 0.1618 26000
1764008751515 0.1197 26500
1764008764889 0.1479 27000
1764008783074 0.125 27500
1764008796414 0.1498 28000
1764008814844 0.1273 28500
1764008828520 0.1369 29000
1764008846567 0.1262 29500
1764008860193 0.1221 30000
1764008878128 0.1253 30500
1764008891524 0.1133 31000
1764008909313 0.115 31500
1764008922688 0.1247 32000
1764008940845 0.1231 32500
1764008954314 0.1267 33000
1764008972304 0.1182 33500
1764008985777 0.1077 34000
1764009003786 0.1217 34500
1764009017193 0.1043 35000
1764009035011 0.1236 35500
1764009048389 0.0976 36000
1764009066343 0.1129 36500
1764009079770 0.1233 37000
